           0
           0
         -14
         -23
         -28
         -32
         -36
         -40
         -45
         -49
         -53
         -58
         -62
         -66
         -70
         -75
         -79
         -83
         -87
         -92
         -96
        -100
        -105
        -109
        -113
        -117
        -122
        -126
        -130
        -134
        -139
        -143
        -147
        -152
        -156
        -160
        -164
        -169
        -173
        -177
        -181
        -186
        -190
        -194
        -199
        -203
        -207
        -211
        -216
        -220
        -224
        -228
        -233
        -237
        -241
        -246
        -250
        -254
        -258
        -263
        -267
        -271
        -275
        -280
        -284
        -288
        -293
        -297
        -301
        -305
        -310
        -314
        -318
        -322
        -327
        -331
        -335
        -340
        -344
        -348
        -352
        -357
        -361
        -365
        -370
        -374
        -378
        -382
        -387
        -391
        -395
        -399
        -404
        -408
        -412
        -417
        -421
        -425
        -429
        -434
        -438
        -442
        -446
        -451
        -455
        -459
        -464
        -468
        -472
        -476
        -481
        -485
        -489
        -493
        -498
        -502
        -506
        -511
        -515
        -519
        -523
        -528
        -532
        -536
        -540
        -545
        -549
        -553
        -558
        -562
        -566
        -570
        -575
        -579
        -583
        -587
        -592
        -596
        -600
        -605
        -609
        -613
        -617
        -622
        -626
        -630
        -634
        -639
        -643
        -647
        -652
        -656
        -660
        -664
        -669
        -673
        -677
        -681
        -686
        -690
        -694
        -699
        -703
        -707
        -711
        -716
        -720
        -724
        -728
        -733
        -737
        -741
        -746
        -750
        -754
        -758
        -763
        -767
        -771
        -775
        -780
        -784
        -788
        -793
        -797
        -801
        -805
        -810
        -814
        -818
        -822
        -827
        -831
        -835
        -840
        -844
        -848
        -852
        -857
        -861
        -865
        -869
        -874
        -878
        -882
        -887
        -891
        -895
        -899
        -904
        -908
        -912
        -916
        -921
        -925
        -929
        -934
        -938
        -942
        -946
        -951
        -955
        -959
        -963
        -968
        -972
        -976
        -981
        -985
        -989
        -993
        -998
        -999
       -1000
       -1000
       -1000
       -1000
       -1000
       -1000
       -1000
       -1000
       -1000
       -1000
       -1000
       -1000
       -1000
       -1000
       -1000
       -1000
       -1000
       -1000
       -1000
       -1000
       -1000
       -1000
       -1000
       -1000
       -1000
       -1000
       -1000
       -1000
       -1000
       -1000
       -1000
       -1000
       -1000
       -1000
       -1000
       -1000
       -1000
       -1000
       -1000
       -1000
       -1000
       -1000
       -1000
       -1000
       -1000
       -1000
       -1000
       -1000
       -1000
       -1000
       -1000
       -1000
       -1000
       -1000
       -1000
       -1000
       -1000
       -1000
       -1000
       -1000
       -1000
       -1000
       -1000
       -1000
       -1000
       -1000
       -1000
       -1000
       -1000
       -1000
       -1000
       -1000
       -1000
       -1000
       -1000
       -1000
       -1000
       -1000
       -1000
       -1000
       -1000
       -1000
       -1000
       -1000
       -1000
       -1000
       -1000
       -1000
       -1000
       -1000
       -1000
       -1000
       -1000
       -1000
       -1000
       -1000
       -1000
       -1000
       -1000
       -1000
       -1000
       -1000
       -1000
       -1000
       -1000
       -1000
       -1000
       -1000
       -1000
       -1000
       -1000
       -1000
       -1000
       -1000
       -1000
       -1000
       -1000
       -1000
       -1000
       -1000
       -1000
       -1000
       -1000
       -1000
       -1000
       -1000
       -1000
       -1000
       -1000
       -1000
       -1000
       -1000
       -1000
       -1000
       -1000
       -1000
       -1000
       -1000
       -1000
       -1000
       -1000
       -1000
       -1000
       -1000
       -1000
       -1000
       -1000
       -1000
       -1000
       -1059
       -1151
       -1243
       -1334
       -1426
       -1518
       -1609
       -1701
       -1793
       -1885
       -1976
       -2068
       -2160
       -2251
       -2343
       -2435
       -2527
       -2618
       -2710
       -2802
       -2893
       -2985
       -3077
       -3169
       -3260
       -3352
       -3444
       -3501
       -3505
       -3509
       -3513
       -3517
       -3521
       -3526
       -3530
       -3534
       -3538
       -3542
       -3546
       -3550
       -3554
       -3558
       -3562
       -3566
       -3570
       -3574
       -3579
       -3583
       -3587
       -3591
       -3595
       -3599
       -3603
       -3607
       -3611
       -3615
       -3619
       -3623
       -3627
       -3632
       -3636
       -3640
       -3644
       -3648
       -3652
       -3656
       -3660
       -3664
       -3668
       -3672
       -3676
       -3680
       -3685
       -3689
       -3693
       -3697
       -3701
       -3705
       -3709
       -3713
       -3717
       -3721
       -3725
       -3729
       -3733
       -3738
       -3742
       -3746
       -3750
       -3754
       -3758
       -3762
       -3766
       -3770
       -3774
       -3778
       -3782
       -3786
       -3791
       -3795
       -3799
       -3803
       -3807
       -3811
       -3815
       -3819
       -3823
       -3827
       -3831
       -3835
       -3839
       -3844
       -3848
       -3852
       -3856
       -3860
       -3864
       -3868
       -3872
       -3876
       -3880
       -3884
       -3888
       -3892
       -3897
       -3901
       -3905
       -3909
       -3913
       -3917
       -3921
       -3925
       -3929
       -3933
       -3937
       -3941
       -3945
       -3950
       -3954
       -3958
       -3962
       -3966
       -3970
       -3974
       -3978
       -3982
       -3986
       -3990
       -3994
       -3998
       -4016
       -4039
       -4061
       -4084
       -4106
       -4129
       -4152
       -4174
       -4197
       -4219
       -4242
       -4264
       -4287
       -4310
       -4332
       -4355
       -4377
       -4400
       -4422
       -4445
       -4468
       -4490
       -4513
       -4535
       -4558
       -4581
       -4603
       -4626
       -4648
       -4671
       -4693
       -4716
       -4739
       -4761
       -4784
       -4806
       -4829
       -4851
       -4874
       -4897
       -4919
       -4942
       -4964
       -4987
       -5009
       -5032
       -5055
       -5077
       -5100
       -5122
       -5145
       -5168
       -5190
       -5213
       -5235
       -5258
       -5280
       -5303
       -5326
       -5348
       -5371
       -5393
       -5416
       -5438
       -5461
       -5484
       -5506
       -5529
       -5551
       -5574
       -5597
       -5619
       -5642
       -5664
       -5687
       -5709
       -5732
       -5755
       -5777
       -5800
       -5822
       -5845
       -5867
       -5890
       -5913
       -5935
       -5958
       -5980
       -6003
       -6025
       -6048
       -6071
       -6093
       -6116
       -6138
       -6161
       -6184
       -6206
       -6229
       -6251
       -6274
       -6296
       -6319
       -6342
       -6364
       -6387
       -6409
       -6432
       -6454
       -6477
       -6500
       -6522
       -6545
       -6567
       -6590
       -6612
       -6635
       -6658
       -6680
       -6703
       -6725
       -6748
       -6771
       -6793
       -6816
       -6838
       -6861
       -6883
       -6906
       -6929
       -6951
       -6974
       -6996
       -7019
       -7041
       -7064
       -7087
       -7109
       -7132
       -7154
       -7177
       -7199
       -7222
       -7245
       -7267
       -7290
       -7312
       -7335
       -7358
       -7380
       -7403
       -7425
       -7448
       -7470
       -7493
       -7516
       -7538
       -7561
       -7583
       -7606
       -7628
       -7651
       -7674
       -7696
       -7719
       -7741
       -7764
       -7786
       -7809
       -7832
       -7854
       -7877
       -7899
       -7922
       -7945
       -7967
       -7990
       -7987
       -7965
       -7943
       -7921
       -7899
       -7877
       -7855
       -7833
       -7811
       -7789
       -7767
       -7745
       -7723
       -7701
       -7679
       -7657
       -7635
       -7613
       -7591
       -7569
       -7547
       -7525
       -7503
       -7481
       -7459
       -7437
       -7415
       -7393
       -7371
       -7349
       -7327
       -7305
       -7283
       -7261
       -7239
       -7217
       -7195
       -7173
       -7151
       -7129
       -7107
       -7085
       -7063
       -7041
       -7019
       -6997
       -6975
       -6952
       -6930
       -6908
       -6886
       -6864
       -6842
       -6820
       -6798
       -6776
       -6754
       -6732
       -6710
       -6688
       -6666
       -6644
       -6622
       -6600
       -6578
       -6556
       -6534
       -6512
       -6490
       -6468
       -6446
       -6424
       -6402
       -6380
       -6358
       -6336
       -6314
       -6292
       -6270
       -6248
       -6226
       -6204
       -6182
       -6160
       -6138
       -6116
       -6094
       -6072
       -6050
       -6028
       -6006
       -5984
       -5962
       -5940
       -5918
       -5896
       -5874
       -5852
       -5830
       -5808
       -5786
       -5764
       -5742
       -5720
       -5698
       -5676
       -5654
       -5632
       -5610
       -5588
       -5566
       -5544
       -5522
       -5500
       -5478
       -5456
       -5434
       -5412
       -5390
       -5368
       -5346
       -5324
       -5302
       -5280
       -5258
       -5236
       -5213
       -5191
       -5169
       -5147
       -5125
       -5103
       -5081
       -5059
       -5037
       -5015
       -5000
       -5000
       -5000
       -5000
       -5000
       -5000
       -5000
       -5000
       -5000
       -5000
       -5000
       -5000
       -5000
       -5000
       -5000
       -5000
       -5000
       -5000
       -5000
       -5000
       -5000
       -5000
       -5000
       -5000
       -5000
       -5000
       -5000
       -5000
       -5000
       -5000
       -5000
       -5000
       -5000
       -5000
       -5000
       -5000
       -5000
       -5000
       -5000
       -5000
       -5000
       -5000
       -5000
       -5000
       -5000
       -5000
       -5000
       -5000
       -5000
       -5000
       -5000
       -5000
       -5000
       -5000
       -5000
